
IN SEC


+-------------+------------+---------------+---------------+------------+---------------+
|     CA_time |   CA_found |   CA_one_time |       CS_time |   CS_found |   CS_one_time |
+=============+============+===============+===============+============+===============+
| 2.14577e-06 |          1 |   9.53674e-07 |   2.86102e-06 |          1 |   4.76837e-07 |
+-------------+------------+---------------+---------------+------------+---------------+
| 9.05991e-06 |          2 |   1.78814e-06 |   1.16825e-05 |          2 |   1.43051e-06 |
+-------------+------------+---------------+---------------+------------+---------------+
| 1.21593e-05 |          4 |   1.37091e-06 |   1.54972e-05 |          4 |   1.01328e-06 |
+-------------+------------+---------------+---------------+------------+---------------+
| 1.93119e-05 |          8 |   1.04308e-06 |   2.45571e-05 |          8 |   9.83477e-07 |
+-------------+------------+---------------+---------------+------------+---------------+
| 3.40939e-05 |         16 |   8.49366e-07 |   4.17233e-05 |         16 |   1.08778e-06 |
+-------------+------------+---------------+---------------+------------+---------------+
| 5.57899e-05 |         32 |   7.07805e-07 |   7.60555e-05 |         32 |   1.21444e-06 |
+-------------+------------+---------------+---------------+------------+---------------+
| 6.07967e-05 |         64 |   3.7998e-07  |   0.00010252  |         64 |   9.76026e-07 |
+-------------+------------+---------------+---------------+------------+---------------+
| 6.96182e-05 |        128 |   2.16067e-07 |   0.000165939 |        128 |   9.33185e-07 |
+-------------+------------+---------------+---------------+------------+---------------+
| 0.000129938 |        256 |   2.14204e-07 |   0.000489712 |        256 |   1.57673e-06 |
+-------------+------------+---------------+---------------+------------+---------------+
| 0.000268698 |        512 |   2.04425e-07 |   0.00184679  |        512 |   3.25311e-06 |
+-------------+------------+---------------+---------------+------------+---------------+
| 0.000504732 |       1024 |   1.81142e-07 |   0.00671029  |       1024 |   6.17839e-06 |
+-------------+------------+---------------+---------------+------------+---------------+
| 0.00101423  |       2048 |   1.90688e-07 |   0.0258446   |       2048 |   1.21879e-05 |
+-------------+------------+---------------+---------------+------------+---------------+
| 0.00198269  |       4096 |   1.84751e-07 |   0.0962059   |       4096 |   2.30158e-05 |
+-------------+------------+---------------+---------------+------------+---------------+
| 0.00391006  |       8192 |   1.84431e-07 |   0.377348    |       8192 |   4.55772e-05 |
+-------------+------------+---------------+---------------+------------+---------------+
| 0.00788784  |      16384 |   1.85901e-07 |   1.56732     |      16384 |   9.51519e-05 |
+-------------+------------+---------------+---------------+------------+---------------+
| 0.0168679   |      32768 |   1.99543e-07 |   8.62945     |      32768 |   0.000262558 |
+-------------+------------+---------------+---------------+------------+---------------+
| 0.0358846   |      65536 |   2.16241e-07 |  48.9388      |      65536 |   0.000745609 |
+-------------+------------+---------------+---------------+------------+---------------+
| 0.0733049   |     131072 |   2.1841e-07  | 230.637       |     131072 |   0.00175818  |
+-------------+------------+---------------+---------------+------------+---------------+
